#SimpleGazeTrackerDataFile
#TRACKER_VERSION,0.11.1
#DATAFORMAT,T,X,Y,P
#RECORDED_EYE,L
#SCREEN_ORIGIN,BottomLeft
#TRACKER_ORIGIN,BottomLeft
#SCREEN_WIDTH,1024
#SCREEN_HEIGHT,768
#DOTS_PER_CENTIMETER_H,24.26
#DOTS_PER_CENTIMETER_V,24.26
#VIEWING_DISTANCE,57.29577951308232
#SACCADE_VELOCITY_THRESHOLD,20.0
#SACCADE_ACCELERATION_THRESHOLD,3800.0
#SACCADE_MINIMUM_DURATION,12
#SACCADE_MINIMUM_AMPLITUDE,0.2
#FIXATION_MINIMUM_DURATION,12
#BLINK_MINIMUM_DURATION,50
#RESAMPLING,0
#FILTER_TYPE,identity
#FILTER_WN,0.2
#FILTER_SIZE,5
#FILTER_ORDER,3
#START_REC,2022,5,26,10,50,30
#MESSAGE,0,starting task
#XPARAM,-56.767651,-8.173110,359.351667
#YPARAM,5.309510,-54.978327,-543.548887
#CALPOINT,-500.000000,0.000000,8.274810,-18.497235,2.497158,2.849427
#CALPOINT,500.000000,-400.000000,-16.288990,3.559341,3.217451,5.007219
#CALPOINT,500.000000,0.000000,-6.994616,-28.739702,7.435758,3.497046
#CALPOINT,0.000000,0.000000,-15.706976,-6.545320,2.455502,3.390923
#CALPOINT,-500.000000,400.000000,-25.022895,-7.384666,3.531621,4.508143
#CALPOINT,0.000000,-400.000000,16.070752,5.177405,3.015187,5.081153
#CALPOINT,0.000000,400.000000,20.250541,12.802453,4.888178,6.151406
#CALPOINT,-500.000000,-400.000000,8.705198,21.183488,4.87961,3.638462
#CALPOINT,500.000000,400.000000,10.712175,18.444236,1.621193,3.368379
158560.591,297.7,-89.0,355.8
158566.096,299.9,-83.3,352.7
158571.7,299.7,-76.8,354.5
158577.247,294.9,-77.2,354.4
158582.893,297.7,-84.3,354.9
158588.349,294.6,-77.0,352.8
158593.91,288.1,-83.2,357.9
158599.439,285.0,-80.0,356.5
158604.978,292.3,-83.5,356.0
158610.559,288.4,-83.4,355.2
158616.136,298.6,-81.8,357.8
158621.709,288.7,-86.0,359.2
158627.268,286.9,-85.9,355.5
158632.837,291.2,-84.7,354.8
158638.378,296.8,-72.3,356.3
158643.986,280.6,-83.2,357.3
158649.53,286.8,-80.9,355.4
158655.071,286.1,-76.1,355.6
158660.593,292.8,-95.3,358.1
158666.164,294.6,-80.6,360.4
158671.714,288.5,-85.5,359.9
158677.281,290.8,-89.9,356.1
158682.865,288.0,-88.9,358.1
158688.436,285.9,-75.7,355.2
158693.91,289.3,-82.4,357.4
158699.514,287.8,-83.3,359.0
158705.089,281.8,-89.0,359.5
158710.625,287.6,-85.7,362.7
158716.18,284.3,-73.3,359.8
158721.731,286.0,-75.5,359.9
158727.269,287.4,-83.3,362.5
158732.854,292.5,-79.1,362.4
158738.437,288.4,-79.9,361.9
158743.986,291.8,-82.9,360.1
158749.536,279.1,-82.9,361.8
158755.067,286.7,-89.7,361.5
158760.648,283.5,-87.1,360.9
158766.141,281.3,-86.4,360.7
158771.77,282.3,-83.3,361.5
158777.316,275.7,-84.8,361.6
158782.879,288.7,-86.0,361.9
158788.389,296.2,-85.5,364.5
158793.986,286.1,-86.0,362.0
158799.525,287.9,-82.0,364.6
158805.095,288.2,-78.1,362.6
158810.651,281.3,-82.8,365.3
158816.148,285.2,-85.5,363.3
158821.767,289.2,-78.9,363.3
158827.345,289.8,-81.5,363.3
158832.858,289.5,-81.2,364.6
158838.479,283.2,-79.2,365.2
158843.964,279.9,-82.9,362.7
158849.548,283.0,-86.9,365.1
158855.122,280.2,-86.5,362.5
158860.635,287.9,-77.5,360.6
158866.265,282.9,-80.3,362.4
158871.788,289.0,-79.4,364.8
158877.311,283.2,-66.6,365.4
158882.876,272.7,-76.7,364.3
158888.435,282.0,-77.0,365.0
158893.979,280.7,-85.6,363.3
158899.571,289.7,-79.9,367.5
158905.138,332.4,-79.1,365.4
158910.686,357.2,-83.2,363.8
158916.216,397.2,-84.2,363.5
158921.769,376.6,-71.1,362.9
158927.357,378.9,-72.4,363.3
158932.823,380.8,-77.5,365.0
158938.458,380.7,-85.3,363.1
158944.026,387.3,-75.4,362.5
158949.57,376.3,-99.0,364.4
158955.12,383.8,-89.1,365.4
158960.687,384.8,-80.4,364.2
158966.225,387.4,-82.5,362.7
158971.775,386.7,-77.9,361.9
158977.369,386.7,-74.9,365.0
158982.937,380.3,-78.7,366.6
158988.391,380.9,-79.7,364.4
158994.019,383.7,-76.3,363.5
158999.575,382.5,-74.4,363.5
159005.119,385.6,-82.1,365.0
159010.699,378.4,-80.3,363.7
159016.259,383.0,-81.6,364.3
159021.802,385.6,-72.2,364.2
159027.357,383.8,-81.1,364.9
159032.895,385.9,-69.0,364.5
159038.452,382.8,-80.0,364.3
159043.999,390.2,-71.7,365.4
159049.551,382.0,-74.8,365.9
159055.108,385.6,-72.7,365.3
159060.681,382.5,-74.6,367.5
159066.222,382.4,-74.8,365.6
159071.78,381.6,-82.1,365.3
159077.343,387.4,-80.5,367.0
159082.896,385.0,-85.7,366.3
159088.461,381.9,-86.4,364.4
159094.042,381.1,-77.5,366.2
159099.562,387.9,-81.9,366.5
159105.112,379.5,-70.5,367.1
159110.727,385.2,-71.9,365.9
159116.282,380.6,-65.8,364.8
159121.851,385.3,-72.0,366.6
159127.396,384.4,-67.2,368.7
159132.921,383.8,-81.6,365.6
159138.462,377.3,-79.9,365.2
159144.019,389.9,-69.2,364.6
159149.572,385.6,-75.2,363.3
159155.127,386.8,-74.6,363.9
159160.749,386.7,-79.2,362.6
159166.29,386.2,-83.2,367.0
159171.795,383.8,-80.1,365.8
159177.371,380.9,-78.7,363.4
159182.92,378.0,-85.3,363.4
159188.447,384.9,-71.6,364.8
159194.033,390.2,-76.0,364.3
159199.592,381.1,-69.6,362.2
159205.138,389.3,-75.2,364.9
159210.696,382.5,-70.2,364.3
159216.257,383.0,-85.4,362.3
159221.813,380.4,-90.5,364.3
159227.398,389.4,-68.1,361.1
159232.987,340.6,-80.5,365.2
159238.526,305.8,-70.9,363.0
159244.058,294.2,-88.1,363.8
159249.597,285.3,-79.9,364.9
159255.157,291.5,-83.4,363.0
159260.676,300.5,-86.7,363.6
159266.308,293.1,-77.1,362.7
159271.867,286.8,-85.7,361.3
159277.373,290.2,-79.9,361.9
159282.935,287.2,-80.1,360.2
159288.482,297.0,-72.7,360.4
159294.046,296.3,-74.0,359.3
159299.61,302.0,-88.5,357.3
159305.176,295.7,-84.2,361.1
159310.755,298.3,-82.6,361.9
159316.28,287.9,-91.3,357.6
159321.857,289.7,-76.4,358.2
159327.391,294.3,-85.4,355.7
159332.898,298.3,-82.9,358.4
159338.542,288.6,-83.5,356.3
159344.093,291.2,-85.6,356.1
159349.601,295.3,-81.1,354.2
159355.166,290.6,-82.9,356.9
159360.729,288.1,-90.3,356.2
159366.282,289.4,-89.2,355.2
159371.856,296.5,-84.1,355.2
159377.446,291.6,-82.6,353.9
159382.998,289.3,-89.6,352.5
159388.517,293.3,-88.3,355.3
159394.075,294.5,-87.5,352.6
159399.624,280.8,-97.1,353.5
159405.158,286.9,-94.5,357.2
159410.738,280.9,-81.9,352.6
159416.313,286.3,-84.1,355.2
159421.857,289.6,-88.1,350.3
159427.407,292.3,-82.5,353.0
159432.954,290.4,-85.2,353.9
159438.51,295.5,-89.5,352.5
159444.061,282.9,-92.0,351.0
159449.685,277.6,-49.4,336.6
159455.24,274.8,-95.1,348.1
159460.763,288.3,-99.0,350.2
159466.326,293.4,-101.3,346.6
159471.919,284.1,-82.9,348.2
159477.386,290.5,-90.1,348.6
159483.019,280.7,-91.0,347.8
159488.575,274.5,-48.9,333.1
159494.099,283.7,-91.3,344.8
159499.681,275.2,-82.4,347.3
159505.189,286.0,-88.8,345.2
159510.757,267.6,-32.5,328.2
159516.296,282.5,-71.5,343.4
159521.901,273.4,-33.7,332.2
159527.43,283.8,-82.2,342.5
159533.02,262.9,-32.2,328.2
159538.553,283.5,-73.4,346.1
159544.14,279.6,-91.1,344.2
159549.634,285.3,-86.2,345.7
159555.235,281.5,-79.0,344.6
159560.795,285.9,-84.9,344.4
159566.345,277.9,-84.3,345.3
159571.922,276.9,-84.7,348.5
159577.471,285.9,-82.1,346.2
159583.023,284.4,-80.6,349.0
159588.528,283.6,-84.0,348.5
159594.137,277.1,-73.6,349.4
159599.703,285.5,-69.9,349.4
159605.231,286.2,-84.0,349.8
159610.799,287.9,-71.9,351.6
159616.353,278.7,-73.7,353.1
159621.881,278.0,-79.3,353.8
159627.489,281.8,-68.5,351.5
159633.044,277.6,-78.8,355.4
159638.581,284.1,-84.6,353.3
159644.151,277.8,-86.5,354.3
159649.694,284.5,-72.4,356.0
159655.245,284.6,-75.2,356.2
159660.735,282.6,-76.8,356.5
159666.351,282.8,-72.4,357.5
159671.906,281.6,-81.3,358.3
159677.449,285.4,-73.6,358.9
159683.002,290.7,-73.0,360.0
159688.588,270.1,-71.4,363.1
159694.101,235.6,-61.8,361.6
159699.68,216.1,-52.8,362.3
159705.236,210.6,-62.6,362.9
159710.769,212.9,-73.0,364.6
159716.336,217.1,-60.2,364.3
159721.896,213.2,-55.4,367.1
159727.468,207.1,-62.2,365.3
159733.014,203.0,-66.2,364.4
159738.565,204.7,-63.9,366.7
159744.114,205.3,-65.8,367.3
159749.667,208.7,-63.1,368.6
159755.219,210.9,-69.8,366.8
159760.787,208.8,-59.3,367.2
159766.342,199.9,-68.0,366.4
159771.94,205.1,-63.6,368.1
159777.51,202.8,-61.5,368.8
159783.014,206.0,-66.3,367.3
159788.571,206.6,-64.2,369.0
159794.12,209.3,-65.5,366.7
159799.678,210.9,-62.4,367.5
159805.206,213.2,-73.2,368.0
159810.834,205.7,-73.6,369.2
159816.4,211.0,-59.7,368.3
159821.899,216.9,-68.2,372.0
159827.48,213.9,-72.3,371.3
159833.032,193.7,-60.3,368.2
159838.563,207.1,-73.6,369.2
159844.142,206.8,-64.1,372.7
159849.702,211.8,-65.3,372.6
159855.268,216.6,-68.7,371.9
159860.833,203.6,-74.7,371.5
159866.378,213.7,-70.6,375.0
159871.942,209.6,-68.4,372.0
159877.522,205.4,-79.9,372.8
159883.103,210.3,-71.4,373.7
159888.649,225.0,-73.6,373.9
159894.12,209.9,-76.1,375.9
159899.779,223.3,-69.1,375.8
159905.196,208.3,-69.9,375.7
159910.832,210.4,-72.8,375.9
159916.438,212.6,-74.1,373.6
159922.001,214.9,-73.9,374.9
159927.559,211.6,-70.6,377.8
159933.075,209.3,-73.6,374.5
159938.631,205.5,-62.9,378.4
159944.211,209.6,-65.3,374.9
159949.695,206.3,-70.9,375.6
159955.312,213.1,-77.4,377.9
159960.797,212.0,-70.6,376.6
159966.361,214.6,-71.2,376.8
159971.914,206.9,-73.0,378.2
159977.47,211.8,-70.7,379.0
159983.024,215.0,-72.8,379.8
159988.59,212.7,-68.5,378.3
159994.137,200.0,-67.9,379.1
159999.701,207.9,-62.8,379.2
160005.304,214.6,-71.8,378.9
160010.849,214.1,-61.1,381.2
160016.438,220.1,-63.1,374.9
160021.978,217.9,-74.0,378.4
160027.547,218.5,-75.2,378.9
160033.105,220.7,-72.1,379.0
160038.602,215.3,-66.4,381.2
160044.212,210.5,-60.1,380.7
160049.762,204.8,-59.6,377.5
160055.307,209.6,-66.2,379.8
160060.882,205.3,-63.6,378.8
160066.437,215.2,-74.8,379.3
160072.002,220.7,-72.7,379.4
160077.561,211.2,-73.6,379.4
160083.107,221.0,-63.8,378.8
160088.653,209.9,-73.6,380.2
160094.216,217.9,-74.4,377.3
160099.792,212.8,-78.8,375.3
160105.332,214.8,-65.3,376.6
160110.881,215.2,-64.6,377.1
160116.455,208.4,-80.4,375.4
160121.998,216.0,-73.0,375.6
160127.49,212.5,-72.5,373.5
160133.116,217.2,-67.4,375.1
160138.673,217.9,-51.9,375.7
160144.226,207.7,-73.1,375.5
160149.779,219.5,-73.3,374.0
160155.314,213.6,-65.3,376.1
160160.901,212.0,-67.4,376.7
160166.461,211.8,-66.0,374.9
160172.018,214.6,-66.0,374.4
160177.567,211.4,-67.8,371.9
160183.119,218.2,-59.6,374.1
160188.711,215.8,-68.6,374.5
160194.255,218.5,-65.5,372.5
160199.793,220.2,-73.3,374.3
160205.357,219.4,-64.3,372.1
160210.9,219.8,-74.0,372.7
160216.473,220.7,-69.6,370.9
160222.012,227.0,-66.8,371.0
160227.565,224.8,-63.1,368.7
160233.107,226.6,-71.2,368.9
160238.702,228.3,-69.1,366.4
160244.262,224.8,-74.0,370.1
160249.774,224.6,-66.9,369.5
160255.331,222.3,-68.2,369.3
160260.901,224.3,-68.0,369.6
160266.493,223.8,-61.0,366.6
160272.047,225.3,-53.7,365.6
160277.556,230.7,-66.8,365.6
160283.113,216.9,-70.0,368.7
160288.679,219.3,-75.0,367.5
160294.225,220.7,-67.1,366.3
160299.769,223.3,-62.2,367.8
160305.405,220.9,-64.0,369.1
160310.925,224.4,-74.7,367.5
160316.497,219.5,-70.4,369.9
160321.985,220.7,-66.3,363.6
160327.563,222.7,-66.6,365.7
160333.122,206.4,-63.2,368.0
160338.719,215.2,-62.9,365.5
160344.261,220.3,-66.0,369.1
160349.823,227.2,-59.0,366.1
160355.373,222.9,-67.7,366.3
160360.949,221.6,-62.2,364.9
160366.501,220.1,-65.1,364.8
160372.048,220.3,-55.6,365.1
160377.56,219.8,-70.6,364.5
160383.124,213.8,-67.8,364.6
160388.683,205.7,-72.4,364.1
160394.258,207.6,-68.2,365.6
160399.806,214.0,-78.2,365.4
160405.357,215.7,-60.4,364.8
160410.915,213.4,-57.3,363.2
160416.479,217.8,-68.5,365.6
160422.033,224.7,-59.0,365.5
160427.598,220.0,-66.0,364.0
160433.143,220.4,-72.6,366.4
160438.7,224.4,-63.3,363.6
160444.253,220.5,-66.7,363.7
160449.847,223.6,-64.7,362.8
160455.365,216.7,-73.8,364.7
160460.951,219.8,-61.0,361.6
160466.502,222.2,-58.9,361.4
160472.067,226.3,-69.8,363.8
160477.623,231.3,-72.7,364.9
160483.169,227.9,-77.7,363.8
160488.748,228.8,-57.4,364.7
160494.291,223.6,-74.0,363.6
160499.817,232.6,-64.0,363.4
160505.374,229.1,-72.9,365.0
160510.939,216.6,-73.6,364.9
160516.516,214.6,-70.8,362.2
160522.08,223.3,-78.4,365.7
160527.631,225.3,-60.4,361.6
160533.179,216.2,-66.6,362.5
160538.749,216.0,-70.5,362.8
160544.301,220.9,-65.3,361.9
160549.846,224.4,-68.8,365.6
160555.386,226.4,-78.8,368.1
160560.913,226.8,-64.3,365.5
160566.452,236.0,-64.3,364.9
160571.987,221.3,-74.2,363.1
160577.623,222.2,-78.7,366.1
160583.171,220.2,-64.6,364.1
160588.695,219.2,-73.1,364.7
160594.279,220.8,-75.4,365.3
160599.836,222.6,-73.4,367.9
160605.38,235.5,-74.3,368.4
160610.942,231.5,-76.2,367.1
160616.509,234.3,-66.1,365.1
160622.053,233.8,-74.6,366.1
160627.642,226.5,-81.1,369.3
160633.156,221.5,-57.4,369.2
160638.763,217.4,-79.1,367.3
160644.314,228.2,-74.8,368.5
160649.871,220.7,-71.9,368.0
160655.433,218.9,-74.5,369.7
160660.936,230.4,-72.9,368.9
160666.529,220.6,-66.7,367.3
160672.09,225.5,-76.7,371.8
160677.657,226.6,-78.2,368.8
160683.212,231.2,-79.4,369.5
160688.711,217.4,-85.0,369.1
160694.285,219.7,-74.5,369.5
160699.852,216.3,-82.1,373.1
160705.379,214.2,-81.0,370.2
160710.97,216.0,-75.6,373.0
160716.502,216.5,-67.4,369.8
160722.097,212.3,-72.4,372.2
160727.576,215.8,-73.1,373.2
160733.166,218.7,-77.6,371.0
160738.752,224.9,-68.2,371.0
160744.321,212.6,-73.8,369.3
160749.896,217.4,-67.7,369.4
160755.44,213.3,-73.0,373.0
160760.991,216.2,-68.5,374.5
160766.556,223.4,-75.2,369.3
160772.103,225.0,-72.9,372.8
160777.661,227.8,-75.9,374.3
160783.221,221.0,-68.6,372.1
160788.83,220.9,-74.9,373.2
160794.261,226.6,-84.2,371.7
160799.854,226.7,-76.6,372.8
160805.433,234.1,-75.0,377.6
160810.994,234.7,-73.9,373.9
160816.549,233.7,-66.1,373.3
160822.076,226.0,-57.8,372.7
160827.649,205.8,-47.6,373.9
160833.211,175.4,-53.0,378.6
160838.782,145.3,-70.2,376.8
160844.316,153.4,-66.4,375.7
160849.885,150.5,-63.0,377.0
160855.368,166.7,-68.8,375.3
160860.993,150.4,-66.5,375.1
160866.549,147.5,-78.3,377.1
160872.11,152.1,-71.3,377.6
160877.696,167.9,-74.1,378.7
160883.225,150.4,-60.1,376.0
160888.784,154.9,-58.9,378.4
160894.302,158.0,-73.1,382.2
160899.894,149.3,-67.7,379.9
160905.465,162.4,-65.6,381.2
160911.017,154.7,-70.4,378.9
160916.588,141.2,-66.8,378.5
160922.134,152.2,-78.1,382.9
160927.675,155.7,-67.7,382.6
160933.235,142.2,-71.5,384.8
160938.804,160.1,-61.2,383.7
160944.34,154.8,-67.2,387.6
160949.9,149.0,-68.6,385.8
160955.465,159.6,-61.8,386.6
160961.01,151.4,-78.4,385.8
160966.549,153.2,-67.0,385.5
160972.078,152.1,-59.6,385.2
160977.658,134.3,-73.5,385.6
160983.185,149.3,-60.7,386.4
160988.757,157.9,-71.5,388.5
160994.357,143.8,-73.1,386.9
160999.923,147.3,-73.1,386.2
161005.464,145.9,-53.4,390.0
161011.024,146.6,-69.2,386.7
161016.58,149.3,-72.8,388.2
161022.135,144.1,-72.3,386.8
161027.696,144.1,-73.2,387.9
161033.257,145.2,-65.7,389.1
161038.8,152.4,-57.0,388.9
161044.317,159.2,-74.9,390.5
161049.931,145.0,-64.1,386.3
161055.483,147.2,-59.5,392.4
161061.019,149.2,-65.4,390.5
161066.583,147.2,-70.1,389.0
161072.143,141.2,-63.8,388.1
161077.701,151.2,-66.9,390.8
161083.262,148.9,-59.6,390.8
161088.82,156.5,-59.8,389.4
161094.369,145.9,-72.6,391.6
161099.923,135.3,-55.8,391.7
161105.478,149.5,-58.9,391.3
161111.036,142.3,-65.6,394.6
161116.586,149.9,-63.4,390.4
161122.169,144.4,-66.7,395.0
161127.719,145.6,-54.5,395.6
161133.273,141.9,-62.3,393.2
161138.826,144.0,-71.6,395.2
161144.322,146.6,-67.9,397.1
161150.025,144.2,-68.2,395.3
161155.476,148.9,-65.0,397.3
161161.027,155.4,-63.2,398.2
161166.567,144.2,-72.3,398.7
161172.146,157.2,-58.6,398.6
161177.688,155.8,-66.8,398.1
161183.231,151.9,-80.9,394.4
161188.848,148.1,-70.0,397.5
161194.401,152.8,-62.1,398.1
161199.96,145.7,-67.7,398.2
161205.527,142.0,-71.5,399.2
161211.076,149.7,-68.7,398.2
161216.644,136.7,-72.1,398.2
161222.158,137.2,-67.3,397.3
161227.743,123.8,-61.9,396.3
161233.263,90.9,-27.3,400.0
161238.819,43.1,-38.3,397.7
161244.438,21.0,2.1,386.4
161249.925,27.0,17.9,387.2
161255.476,23.3,1.7,383.3
161261.064,22.4,2.0,386.7
161266.624,40.2,-33.2,397.5
161272.18,22.8,16.7,384.5
161277.735,17.0,13.9,385.1
161283.316,18.7,5.7,384.2
161288.825,30.4,8.2,381.3
161294.419,33.0,7.4,384.5
161299.954,46.3,-33.7,397.6
161305.515,6.6,19.6,379.0
161311.074,22.4,7.8,379.9
161316.65,21.2,17.2,376.8
161322.24,22.4,-0.5,377.9
161327.781,19.0,6.1,378.5
161333.299,31.7,-3.9,376.3
161338.896,30.6,2.9,373.8
161344.463,17.8,-4.7,378.6
161350.004,16.8,6.4,374.8
161355.58,23.0,8.8,375.3
161361.047,21.7,16.2,375.1
161366.67,15.6,-1.0,373.8
161372.214,17.9,-2.1,373.7
161377.757,23.3,22.1,369.0
161383.305,20.0,8.7,372.8
161388.866,20.1,4.1,369.3
161394.418,6.2,5.1,370.2
161399.981,16.2,4.4,373.1
161405.535,15.1,1.4,373.5
161411.09,15.8,3.8,367.7
161416.645,27.1,5.0,369.2
161422.257,27.7,7.4,368.4
161427.768,14.7,13.6,368.6
161433.302,30.6,13.8,366.7
161438.882,16.4,17.8,363.7
161444.439,14.3,9.1,366.2
161450.0,4.5,4.7,366.6
161455.609,5.4,7.3,366.4
161461.079,11.8,13.8,362.1
161466.68,18.9,7.2,364.7
161472.229,18.4,-1.7,363.2
161477.735,14.3,-10.1,363.7
161483.36,-0.7,2.0,363.2
161488.919,10.7,-3.2,359.4
161494.415,11.5,11.1,361.8
161499.978,24.6,15.6,359.7
161505.569,14.1,3.7,358.7
161511.105,17.5,7.4,358.8
161516.661,4.9,2.2,357.3
161522.25,1.9,12.6,357.5
161527.792,14.2,14.8,356.0
161533.353,12.9,-1.5,357.9
161538.891,18.3,-2.2,354.8
161544.482,23.2,9.0,355.0
161550.037,24.1,-8.5,352.7
161555.592,6.2,-11.8,355.3
161561.146,-20.4,12.6,357.4
161566.687,-58.6,4.4,356.0
161572.263,-46.7,3.2,356.7
161577.81,-43.3,-2.9,356.0
161583.372,-44.5,-6.0,356.9
161588.922,-51.6,11.6,356.1
161594.494,-42.3,-12.0,359.4
161600.041,-50.8,6.8,357.6
161605.593,-46.9,-17.6,356.2
161611.154,-52.7,-2.0,356.9
161616.707,-47.8,-18.6,358.3
161622.269,-43.0,-7.5,358.6
161627.811,-48.5,-18.4,353.7
161633.376,-45.0,-7.7,355.8
161638.945,-49.5,-13.5,356.9
161644.485,-53.3,-1.7,353.5
161650.05,-46.3,-20.3,358.7
161655.599,-5.0,-3.3,358.4
161661.162,-31.1,-1.8,355.6
161666.69,-24.5,-14.8,361.5
161672.272,-21.4,-4.2,360.6
161677.846,-28.3,-7.6,360.1
161683.378,-39.8,-3.3,359.5
161688.935,-32.7,-24.0,362.6
161694.487,-45.0,-17.9,360.9
161700.055,-46.2,-19.5,357.8
161705.609,-33.9,-17.9,362.1
161711.163,-31.9,-9.0,360.4
161716.714,-33.4,-10.3,359.5
161722.276,-32.9,-39.0,362.7
161727.832,-43.4,-25.7,360.2
161733.349,-39.2,-22.0,359.3
161738.951,-30.3,-32.2,361.4
161744.511,-29.3,-5.0,360.3
161750.047,-25.3,-17.1,363.1
161755.634,-31.0,-2.5,360.0
161761.19,-42.9,-28.9,361.4
161766.695,-33.5,-26.0,363.8
161772.292,-39.6,-8.0,364.0
161777.847,-37.8,-36.1,362.4
161783.398,-36.8,-30.1,362.3
161788.963,-38.0,-26.3,360.7
161794.512,-40.1,-15.2,360.7
161800.066,-34.0,-18.5,361.5
161805.635,-35.3,-25.0,362.4
161811.197,-34.7,-15.0,358.1
161816.739,-31.8,-11.7,363.3
161822.313,-33.3,-20.1,360.7
161827.849,-30.1,-21.1,363.0
161833.418,-38.2,-19.5,365.5
161838.937,-21.9,-10.6,362.4
161844.541,-38.8,-4.3,363.6
161850.089,-37.3,-30.8,359.9
161855.631,-34.8,-28.0,364.5
161861.147,-29.7,-3.0,363.6
161866.746,-46.9,-34.8,362.2
161872.321,-43.9,-25.2,365.6
161877.871,-25.8,-34.7,367.7
161883.43,-22.5,-15.3,367.3
161888.992,-40.2,-16.4,366.8
161894.544,-37.2,-34.0,365.8
161900.102,-37.2,-26.7,365.6
161905.656,-32.2,-17.0,367.0
161911.217,-42.3,-29.2,366.8
161916.766,-43.0,-34.3,368.0
161922.322,-32.8,-28.1,368.6
161927.876,-30.1,-23.0,370.9
161933.436,-27.9,-14.1,366.5
161938.99,-44.5,-47.0,367.4
161944.543,-46.2,-20.9,367.7
161950.101,-33.4,-35.6,370.7
161955.662,-33.7,-31.8,371.9
161961.212,-32.4,-5.1,366.7
161966.771,-28.9,-19.0,372.0
161972.347,-35.8,-17.8,371.1
161977.91,-50.0,-14.4,367.2
161983.467,-28.0,-16.4,372.2
161989.009,-40.2,-28.0,372.8
161994.564,-47.1,-26.6,367.5
162000.117,-21.2,-16.3,371.0
162005.663,-45.0,-32.7,370.6
162011.226,-26.0,-24.7,370.0
162016.784,-47.7,-16.9,372.0
162022.344,-27.3,-19.4,373.1
162027.898,-51.8,-36.3,370.9
162033.43,-44.0,-30.3,368.6
162039.03,-29.7,-18.2,368.4
162044.593,-44.8,-30.5,371.3
162050.134,-32.7,-37.4,369.7
162055.762,-47.7,-23.1,370.9
162061.21,-51.4,-27.7,369.5
162066.82,-43.1,-23.6,371.0
162072.361,-43.0,-31.4,368.4
162077.88,-49.1,-26.3,372.5
162083.434,-36.1,-30.4,369.9
162089.003,-33.6,-19.1,368.8
162094.532,-52.6,-53.4,371.2
162100.096,-34.3,-31.9,370.9
162105.665,-39.2,-26.0,371.9
162111.175,-42.5,-39.0,370.2
162116.779,9.1,-74.7,382.5
162122.279,-50.9,-42.5,371.9
162127.914,-70.8,-59.1,372.8
162133.451,-106.8,-3.7,367.8
162138.997,-149.1,-2.5,369.7
162144.575,-150.1,17.4,369.6
162150.116,-163.9,6.0,370.3
162155.697,-179.4,10.4,365.8
162161.206,-162.2,7.6,364.0
162166.784,-157.5,-2.4,366.3
162172.301,-161.7,13.1,366.7
162177.862,-150.5,27.7,367.5
162183.415,-166.3,15.3,366.5
162188.949,-170.2,7.6,365.1
162194.541,-165.6,-0.3,364.7
162200.117,-163.6,-8.3,364.0
162205.639,-158.8,2.8,363.7
162211.175,-163.6,24.5,362.4
162216.739,-163.3,9.3,362.4
162222.332,-169.3,9.5,363.4
162227.875,-170.4,19.3,363.6
162233.397,-168.7,22.3,361.1
162239.027,-169.2,14.3,362.3
162244.571,-152.5,7.9,363.7
162250.13,-169.9,12.8,360.9
162255.684,-171.0,14.3,361.5
162261.245,-153.3,9.9,363.3
162266.802,-162.7,15.9,364.1
162272.351,-161.4,4.3,362.0
162277.917,-158.8,15.4,361.6
162283.476,-156.9,11.4,361.4
162289.019,-158.2,-4.1,361.5
162294.576,-162.1,8.2,362.7
162300.166,-168.9,5.3,362.1
162305.748,-162.2,10.4,362.4
162311.283,-165.3,11.0,364.7
162316.839,-159.5,9.5,365.3
162322.398,-165.1,16.3,365.2
162327.948,-165.5,10.5,363.5
162333.509,-170.5,10.2,366.1
162339.062,-168.3,-2.0,363.7
162344.623,-166.5,6.4,364.5
162350.175,-161.2,10.8,365.1
162355.732,-161.7,17.4,366.1
162361.293,-163.4,11.0,363.1
162366.822,-151.3,15.5,365.1
162372.375,-163.5,8.1,364.8
162377.946,-156.9,13.4,366.1
162383.513,-164.7,14.5,364.9
162389.08,-157.8,11.7,365.2
162394.634,-157.7,9.7,365.8
162400.183,-147.8,5.2,366.1
162405.736,-166.7,0.3,365.9
162411.268,-164.3,14.5,366.9
162416.835,-162.1,14.8,364.1
162422.392,-155.1,3.6,364.8
162427.981,-145.2,9.4,365.4
162433.502,-160.5,10.3,366.1
162439.056,-153.6,5.9,367.4
162444.613,-149.1,5.3,366.6
162450.123,-154.8,3.9,370.3
162455.761,-159.4,12.7,366.6
162461.323,-156.0,10.0,367.3
162466.832,-157.2,6.5,368.8
162472.436,-154.8,11.8,368.7
162477.961,-157.0,12.0,369.6
162483.522,-160.0,6.6,371.7
162489.04,-164.4,7.0,371.3
162494.587,-153.7,9.4,368.8
162500.163,-143.0,4.1,367.9
162505.838,-152.2,3.8,372.6
162511.32,-155.4,0.5,370.9
162516.829,-146.6,11.7,371.1
162522.391,-158.2,21.1,372.6
162528.008,-159.1,7.6,370.6
162533.585,-160.4,2.4,370.6
162539.058,-149.1,10.9,373.0
162544.626,-158.8,9.0,371.6
162550.204,-156.2,10.8,372.4
162555.736,-151.5,8.2,373.4
162561.299,-154.2,25.8,372.8
162566.906,-155.4,3.5,373.9
162572.407,-145.8,16.3,375.4
162577.968,-143.0,9.1,373.8
162583.551,-150.7,3.8,373.5
162589.133,-145.3,13.6,372.6
162594.705,-159.7,10.2,373.4
162600.204,-148.3,10.3,375.7
162605.807,-150.2,16.1,372.2
162611.329,-147.3,21.6,376.1
162616.89,-153.8,20.0,373.2
162622.409,-145.0,9.0,376.0
162627.971,-140.4,19.7,375.2
162633.517,-150.3,15.5,375.6
162639.078,-139.8,19.8,374.1
162644.659,-148.0,21.0,373.3
162650.201,-145.7,12.6,378.4
162655.769,-155.8,21.6,374.3
162661.363,-142.4,9.1,375.9
162666.913,-149.9,14.2,377.2
162672.435,-146.7,20.0,376.4
162677.964,-146.3,26.4,374.0
162683.523,-156.8,8.5,377.4
162689.054,-146.2,15.4,373.6
162694.631,-145.9,9.7,375.3
162700.167,-150.8,4.0,377.0
162705.771,-154.7,17.9,375.1
162711.318,-140.9,10.7,376.7
162716.878,-145.2,14.2,377.8
162722.435,-163.8,-4.9,378.4
162727.986,-199.5,16.6,380.7
162733.515,-253.9,-1.1,382.6
162739.094,-297.2,13.5,385.0
162744.708,-299.1,5.5,384.7
162750.266,-320.9,4.2,382.9
162755.786,-321.1,24.5,385.1
162761.309,-308.6,15.8,386.7
162766.868,-304.5,18.7,386.3
162772.416,-305.6,5.1,387.5
162778.001,-304.3,2.8,387.5
162783.558,-312.7,6.8,387.3
162789.126,-305.9,-0.6,387.6
162794.723,-314.7,-0.7,388.2
162800.229,-323.9,-6.9,388.3
162805.82,-311.8,-12.3,387.9
162811.382,-308.1,4.1,389.6
162816.927,-318.5,4.2,388.3
162822.471,-314.0,12.2,388.7
162827.997,-302.9,18.3,387.5
162833.556,-310.5,14.0,387.4
162839.09,-309.7,16.6,388.2
162844.72,-307.6,13.9,389.6
162850.22,-307.5,15.9,393.4
162855.81,-302.3,18.5,390.5
162861.382,-316.5,13.1,386.7
162866.878,-308.2,8.1,393.9
162872.493,-309.8,-4.2,393.2
162878.043,-319.3,12.2,392.4
162883.559,-316.3,4.8,392.2
162889.131,-311.9,8.9,394.4
162894.727,-321.1,4.3,390.4
162900.254,-313.5,21.3,392.0
162905.834,-322.8,5.2,387.4
162911.351,-319.9,6.7,390.7
162916.955,-314.6,7.6,390.3
162922.439,-313.9,-4.5,392.5
162928.041,-311.8,-3.3,396.0
162933.616,-312.0,8.7,392.9
162939.167,-319.4,13.1,392.1
162944.708,-316.9,0.4,393.6
162950.252,-310.1,-4.0,393.0
162955.827,-312.3,7.1,390.6
162961.326,-322.0,-3.1,394.9
162966.856,-306.1,-0.6,393.7
162972.476,-309.9,-6.1,393.4
162978.069,-314.1,-8.8,392.9
162983.617,-319.8,-14.6,394.4
162989.194,-314.2,-7.1,394.9
162994.681,-310.6,-6.2,393.9
163000.205,-306.0,12.3,396.3
163005.821,-310.1,-6.2,396.7
163011.35,-315.4,6.5,396.2
163016.943,-308.9,-6.0,397.8
163022.496,-310.7,4.9,398.5
163028.016,-308.1,25.0,398.1
163033.609,-313.2,-1.5,400.8
163039.111,-320.9,1.1,397.2
163044.69,-313.6,10.1,399.6
163050.285,-314.7,-17.2,398.7
163055.754,-305.3,-2.0,402.7
163061.404,-313.8,3.0,400.6
163067.061,-319.3,11.3,403.7
163072.523,-309.6,-5.9,401.9
163078.051,-307.4,12.0,403.6
163083.613,-314.1,9.3,406.2
163089.173,-311.6,-0.0,404.8
163094.7,-307.6,-5.0,403.0
163100.306,-303.0,-15.8,404.9
163105.864,-301.3,-0.9,406.0
163111.438,-304.1,-2.1,403.7
163116.97,-315.7,0.2,402.1
163122.523,-308.1,-10.5,399.7
163128.062,-304.6,-19.1,406.4
163133.652,-309.2,-15.4,403.6
163139.257,-311.9,-1.1,403.1
163144.727,-312.6,2.8,403.4
163150.336,-308.6,-4.8,402.8
163155.921,-307.9,-3.0,404.5
163161.411,-305.3,-2.5,404.7
163166.966,-313.0,-23.8,403.2
163172.568,-309.6,-4.8,407.6
163178.132,-312.8,-16.5,404.2
163183.622,-308.1,-5.4,401.4
163189.122,-310.1,-4.9,402.8
163194.813,-307.1,-9.7,403.9
163200.356,-312.6,-11.2,401.8
163205.908,-306.2,-7.0,401.4
163211.443,-310.5,-12.7,401.8
163216.952,-319.9,-13.3,404.1
163222.517,-312.2,-4.1,401.3
163228.092,-313.1,-11.3,400.2
163233.646,-315.2,-12.9,404.5
163239.218,-309.8,-7.1,400.3
163244.739,-314.4,3.6,402.1
163250.296,-317.2,-9.7,401.1
163255.883,-299.5,-6.8,401.0
163261.455,-306.0,-15.1,401.3
163266.961,-322.7,-14.2,399.7
163272.496,-315.0,-0.1,399.2
163278.087,-316.9,-12.0,400.1
163283.639,-315.0,-9.1,396.0
163289.165,-316.3,-7.5,397.8
163294.726,-306.2,-11.9,399.2
163300.351,-315.3,-18.4,397.5
163305.86,-317.0,-12.8,401.5
163311.434,-310.7,-11.2,398.1
163316.96,-310.9,-15.2,397.6
163322.523,-317.6,-19.3,396.6
163328.063,-316.7,-20.6,398.0
163333.553,-304.1,-11.9,396.6
163339.179,-307.2,-4.9,401.2
163344.755,-333.9,-2.9,399.8
163350.318,-367.3,-2.3,394.7
163355.862,-372.6,-19.7,394.6
163361.452,-347.0,-9.3,398.8
163367.045,-349.8,-9.6,394.1
163372.63,-364.2,-20.5,392.8
163378.158,-353.5,-7.3,393.4
163383.652,-359.5,-12.8,395.4
163389.264,-348.3,-15.4,394.0
163394.848,-366.2,-24.6,392.8
163400.361,-361.6,-16.5,394.9
163405.884,-361.8,-30.8,393.6
163411.397,-369.9,-11.9,392.6
163417.023,-362.9,-7.1,390.5
163422.58,-362.5,-15.4,392.0
163428.13,-362.0,-23.2,392.0
163433.648,-357.8,-29.9,391.2
163439.205,-352.8,-6.9,392.9
163444.776,-363.4,-14.9,390.4
163450.335,-366.2,-17.8,394.8
163455.912,-370.1,-21.8,393.2
163461.413,-369.3,-19.5,390.9
163466.961,-362.8,-20.6,390.5
163472.497,-362.8,-24.0,391.1
163478.141,-366.4,-20.0,393.2
163483.692,-355.2,-23.6,392.1
163489.198,-353.7,-26.7,394.0
163494.825,-363.4,-31.2,390.0
163500.375,-360.1,-22.1,390.1
163505.895,-352.9,-20.2,388.6
163511.498,-361.9,-15.8,387.7
163517.039,-353.7,-19.8,391.2
163522.574,-349.7,-16.0,387.6
163528.104,-366.6,-23.6,385.4
163533.747,-364.4,-19.6,386.9
163539.34,-365.2,-24.1,389.1
163544.792,-362.5,-13.6,387.8
163550.36,-369.2,-29.0,388.2
163555.937,-370.2,-27.8,384.9
163561.472,-357.2,-16.8,388.6
163567.046,-359.4,-27.9,389.3
163572.64,-365.2,-35.7,386.7
163578.14,-365.8,-21.1,385.9
163583.711,-361.8,-25.0,385.3
163589.307,-354.5,-18.8,385.0
163594.853,-348.0,-15.8,384.6
163600.354,-350.1,-25.4,386.7
163605.969,-350.0,-25.5,385.8
163611.526,-350.7,-32.1,383.7
163617.04,-358.1,-31.3,385.6
163622.579,-356.1,-25.7,386.7
163628.129,-364.4,-32.4,383.7
163633.717,-362.9,-28.2,384.9
163639.273,-358.0,-30.9,382.1
163644.858,-364.2,-28.5,384.2
163650.372,-351.5,-38.0,380.9
163655.91,-348.9,-28.8,386.1
163661.467,-348.7,-33.6,385.6
163667.027,-351.4,-37.5,380.0
163672.602,-352.7,-29.3,382.6
163678.143,-344.8,-29.0,384.5
163683.706,-359.8,-19.5,380.7
163689.281,-348.0,-18.0,380.4
163694.865,-346.4,-24.2,382.4
163700.341,-350.6,-36.2,380.6
163705.927,-350.0,-26.9,382.5
163711.565,-352.0,-20.1,381.3
163717.08,-357.5,-26.9,379.1
163722.602,-351.9,-34.2,380.3
163728.222,-348.8,-28.4,383.7
163733.728,-350.7,-34.5,379.8
163739.279,-344.3,-25.3,381.5
163744.843,-354.8,-33.8,381.3
163750.394,-344.1,-26.1,379.4
163755.947,-359.1,-31.1,379.4
163761.509,-365.0,-28.8,380.9
163767.061,-354.2,-13.0,378.3
163772.619,-354.1,-29.2,381.5
163778.174,-350.3,-38.2,379.8
163783.739,-352.3,-40.7,381.3
163789.287,-354.0,-32.7,382.0
163794.842,-361.4,-29.4,378.1
163800.404,-361.0,-32.5,381.8
163805.955,-355.9,-32.0,378.5
163811.523,-352.0,-34.8,383.1
163817.08,-358.1,-36.9,377.7
163822.634,-357.2,-23.7,380.2
163828.159,-357.8,-37.3,381.6
163833.757,-345.9,-22.9,383.8
163839.31,-355.6,-30.9,383.5
163844.857,-352.5,-29.8,382.5
163850.397,-357.7,-35.2,382.8
163855.973,-359.7,-33.9,384.7
163861.511,-316.4,-27.5,383.0
163867.102,-229.8,-25.1,385.5
163872.654,-130.4,-39.4,389.4
163878.208,15.6,-83.4,402.7
163883.756,91.9,-86.5,397.9
163889.309,169.3,-97.3,393.1
163894.792,242.4,-108.6,392.9
163900.353,264.7,-103.0,392.2
163905.943,269.8,-101.2,394.0
163911.484,262.9,-93.1,394.2
163917.068,262.6,-103.0,393.7
163922.582,276.5,-112.6,390.8
163928.192,275.5,-111.3,390.8
163933.766,277.7,-111.7,394.8
163939.28,281.3,-108.5,391.9
163944.866,270.1,-109.8,389.4
163950.39,280.7,-112.7,390.6
163956.006,272.1,-116.2,389.4
163961.508,279.7,-108.4,390.1
163967.099,275.5,-102.7,390.5
163972.653,275.4,-96.5,389.6
163978.217,279.4,-104.0,388.7
163983.787,281.3,-91.5,390.2
163989.342,279.4,-96.3,389.2
163994.868,275.1,-109.3,387.1
164000.424,289.2,-109.4,389.0
164005.981,285.6,-109.8,386.3
164011.552,275.5,-109.0,387.0
164017.104,286.3,-97.1,386.9
164022.679,276.1,-112.0,387.2
164028.21,284.6,-102.6,385.4
164033.764,285.5,-102.2,385.6
164039.363,269.6,-122.3,385.1
164044.943,279.4,-109.1,387.4
164050.456,273.2,-110.0,383.6
164056.051,276.0,-109.7,383.4
164061.572,286.0,-98.3,384.8
164067.05,283.6,-112.8,385.2
164072.641,283.6,-116.8,385.5
164078.186,283.0,-111.3,381.7
164083.742,287.6,-101.3,382.1
164089.337,281.1,-103.4,382.4
164094.868,279.2,-104.8,380.5
164100.433,282.8,-104.0,380.6
164106.08,282.8,-102.9,379.0
#STOP_REC
